7/25/21	15:57:09	695	58	700	57	552
7/25/21	15:57:10	695	59	700	61	552
7/25/21	15:57:11	695	60	700	60	552
7/25/21	15:57:12	695	59	700	58	552
7/25/21	15:57:13	695	58	700	58	552
7/25/21	15:57:14	695	59	700	57	552
7/25/21	15:57:15	695	56	700	58	552
7/25/21	15:57:16	695	58	700	58	552
7/25/21	15:57:17	695	58	700	59	552
7/25/21	15:57:18	695	57	700	56	552
7/25/21	15:57:19	695	59	700	59	552
7/25/21	15:57:20	695	57	700	59	552
7/25/21	15:57:21	695	61	700	59	552
7/25/21	15:57:22	695	59	700	58	552
7/25/21	15:57:23	695	58	700	59	552
7/25/21	15:57:24	695	61	700	58	552
7/25/21	15:57:25	695	57	700	57	552
7/25/21	15:57:26	695	58	700	60	552
7/25/21	15:57:27	695	59	700	58	552
7/25/21	15:57:28	695	58	700	59	552
7/25/21	15:57:29	695	57	700	60	552
7/25/21	15:57:30	695	59	700	58	551
7/25/21	15:57:31	695	58	700	58	552
7/25/21	15:57:32	695	59	700	57	551
7/25/21	15:57:33	695	57	700	58	552
7/25/21	15:57:34	695	58	700	58	552
7/25/21	15:57:35	695	59	700	59	552
7/25/21	15:57:36	695	60	700	58	551
7/25/21	15:57:37	695	58	700	59	552
7/25/21	15:57:38	695	58	700	58	552
7/25/21	15:57:39	695	58	700	59	551
7/25/21	15:57:40	695	58	700	60	551
7/25/21	15:57:41	695	59	700	58	551
7/25/21	15:57:42	695	59	700	60	552
7/25/21	15:57:43	695	59	700	58	551
7/25/21	15:57:45	695	59	700	58	551
7/25/21	15:57:46	695	59	700	58	551
7/25/21	15:57:47	695	58	700	58	551
7/25/21	15:57:48	695	58	700	58	551
7/25/21	15:57:49	695	57	700	59	552
7/25/21	15:57:50	695	57	700	113	551
7/25/21	15:57:51	695	61	700	70	552
7/25/21	15:57:52	695	56	700	78	551
7/25/21	15:57:53	695	64	700	1807	551
7/25/21	15:57:54	695	60	700	734	551
7/25/21	15:57:55	695	64	700	1383	551
7/25/21	15:57:56	695	72	700	1236	551
7/25/21	15:57:57	695	66	700	993	551
7/25/21	15:57:58	695	84	700	2207	552
7/25/21	15:57:59	695	67	700	695	551
7/25/21	15:58:00	695	61	700	470	551
7/25/21	15:58:01	695	63	700	480	551
7/25/21	15:58:02	695	63	700	694	552
7/25/21	15:58:03	695	66	700	461	551
7/25/21	15:58:04	695	57	700	494	551
7/25/21	15:58:05	695	65	700	463	551
7/25/21	15:58:06	695	66	700	435	551
7/25/21	15:58:07	695	63	700	500	551
7/25/21	15:58:08	695	63	700	448	551
7/25/21	15:58:09	695	63	700	485	551
7/25/21	15:58:10	695	60	700	498	551
7/25/21	15:58:11	695	63	700	440	551
7/25/21	15:58:39	695	63	700	407	551
7/25/21	15:58:40	695	62	700	467	551
7/25/21	15:58:41	695	60	700	445	551
7/25/21	15:58:42	695	59	700	448	551
7/25/21	15:58:43	695	63	700	410	551
7/25/21	15:58:44	695	71	700	461	551
7/25/21	15:58:45	695	66	700	373	551
7/25/21	15:58:46	695	63	700	350	551
7/25/21	15:58:47	695	66	700	346	550
7/25/21	15:58:48	695	61	700	697	551
7/25/21	15:58:49	695	63	700	2722	551
7/25/21	15:58:50	695	64	700	839	551
7/25/21	15:58:51	695	72	700	1882	551
7/25/21	15:58:52	695	70	700	854	551
7/25/21	15:58:53	695	71	700	763	551
7/25/21	15:58:54	695	64	700	489	551
7/25/21	15:58:55	695	61	700	732	551
7/25/21	15:58:56	695	55	700	665	551
7/25/21	15:58:57	695	57	700	976	551
7/25/21	15:58:58	695	63	700	774	551
7/25/21	15:58:59	695	72	700	2183	551
7/25/21	15:59:00	695	69	700	705	551
7/25/21	15:59:01	695	61	700	756	550
7/25/21	15:59:02	695	66	700	472	551
7/25/21	15:59:03	695	70	700	627	551
7/25/21	15:59:04	695	72	700	721	551
7/25/21	15:59:05	695	58	700	889	551
7/25/21	15:59:06	695	60	700	891	551
7/25/21	15:59:07	695	66	700	806	550
7/25/21	15:59:08	695	67	700	619	551
7/25/21	15:59:09	695	57	700	524	550
7/25/21	15:59:10	695	65	700	862	550
7/25/21	15:59:12	695	63	700	478	551
7/25/21	15:59:13	695	60	700	370	551
7/25/21	15:59:14	695	66	700	423	550
7/25/21	15:59:15	695	60	700	378	551
7/25/21	15:59:16	695	59	700	396	550
7/25/21	15:59:17	695	61	700	483	551
7/25/21	15:59:18	695	59	700	404	550
7/25/21	15:59:19	695	61	700	417	550
7/25/21	15:59:20	695	61	700	508	551
7/25/21	15:59:21	695	58	700	455	550
7/25/21	15:59:22	695	58	700	543	550
7/25/21	15:59:23	695	61	700	411	550
7/25/21	15:59:24	695	58	700	454	550
7/25/21	15:59:25	695	62	700	409	550
7/25/21	15:59:26	695	66	700	423	550
7/25/21	15:59:27	695	62	700	355	550
7/25/21	15:59:28	695	60	700	417	550
7/25/21	15:59:29	695	60	700	416	550
7/25/21	15:59:30	695	64	700	409	550
7/25/21	15:59:31	695	61	700	356	550
7/25/21	15:59:32	695	65	700	364	550
7/25/21	15:59:33	695	61	700	355	550
7/25/21	15:59:34	695	65	700	427	550
7/25/21	15:59:35	695	62	700	424	550
7/25/21	15:59:36	695	61	700	346	550
7/25/21	15:59:37	695	66	700	385	550
7/25/21	15:59:38	695	60	700	333	550
7/25/21	15:59:39	695	63	700	359	550
7/25/21	15:59:40	695	59	700	367	550
7/25/21	15:59:41	695	66	700	353	550
7/25/21	15:59:42	695	60	700	404	550
7/25/21	15:59:43	695	59	700	377	550
7/25/21	15:59:44	695	61	700	378	550
7/25/21	15:59:45	695	62	700	375	550
7/25/21	15:59:46	695	62	700	384	550
7/25/21	15:59:47	695	63	700	378	550
7/25/21	15:59:48	695	60	700	437	550
7/25/21	15:59:49	695	61	700	343	550
7/25/21	15:59:50	695	60	700	424	550
7/25/21	15:59:51	695	65	700	347	550
7/25/21	15:59:52	695	64	700	414	550
7/25/21	15:59:53	695	63	700	333	550
7/25/21	15:59:55	695	61	700	434	550
7/25/21	15:59:56	695	63	700	343	550
7/25/21	15:59:57	695	63	700	382	550
7/25/21	15:59:58	695	61	700	340	550
7/25/21	15:59:59	695	65	700	367	550
7/25/21	16:00:00	695	60	700	354	550
7/25/21	16:00:01	695	65	700	397	550
7/25/21	16:00:02	695	59	700	355	550
7/25/21	16:00:03	695	66	700	365	550
7/25/21	16:00:04	695	62	700	382	550
7/25/21	16:00:05	695	59	700	382	550
7/25/21	16:00:06	695	64	700	356	550
7/25/21	16:00:07	695	64	700	360	550
7/25/21	16:00:08	695	58	700	347	550
7/25/21	16:00:09	695	65	700	376	550
7/25/21	16:00:10	695	57	700	428	550
7/25/21	16:00:11	695	64	700	368	550
7/25/21	16:00:12	695	62	700	400	550
7/25/21	16:00:13	695	60	700	327	550
7/25/21	16:00:14	695	63	700	383	550
7/25/21	16:00:15	695	54	700	341	550
7/25/21	16:00:16	695	67	700	382	550
7/25/21	16:00:17	695	63	700	376	550
7/25/21	16:00:18	695	58	700	397	550
7/25/21	16:00:19	695	51	700	377	550
7/25/21	16:00:20	695	57	700	369	550
7/25/21	16:00:21	695	62	700	410	550
7/25/21	16:00:22	695	62	700	362	550
7/25/21	16:00:23	695	64	700	387	550
7/25/21	16:00:24	695	62	700	409	550
7/25/21	16:00:25	695	64	700	383	550
7/25/21	16:00:26	695	58	700	431	550
7/25/21	16:00:27	695	56	700	437	550
7/25/21	16:00:28	695	62	700	380	550
7/25/21	16:00:29	695	60	700	380	550
7/25/21	16:00:30	695	54	700	341	550
7/25/21	16:00:31	695	64	700	384	550
7/25/21	16:00:32	695	64	700	391	550
7/25/21	16:00:33	695	53	700	372	550
7/25/21	16:00:34	695	59	700	358	550